0,243
365,35
0,273
0,270
3,2
3,1
3,3
10,33
10,276
10,96
10,180
10,221
10,130
10,170
10,1
10,270
10,2
10,3
11,22
11,4
11,9
11,17
11,7
11,10
11,1
11,6
11,2
11,3
9,7
9,4
9,1
9,6
9,2
9,3
8,9
8,11
8,16
8,6
8,4
8,1
8,12
8,2
8,3
12,2
12,1
12,3
20,2
20,1
20,3
19,2
19,1
19,3
18,1
18,3
14,1
14,3
13,1
13,3
364,5
364,4
364,3
364,2
364,1
364,0
361,5
361,4
361,3
361,2
361,1
361,0
358,5
358,4
358,3
358,2
358,1
358,0
355,5
355,4
355,3
355,2
355,1
355,0
353,3
353,2
353,1
353,0
352,3
352,2
2,2
352,1
2,1
352,0
351,5
351,4
351,3
351,2
351,1
2,3
351,0
350,4
350,3
350,2
350,1
350,0
349,4
349,3
349,2
349,1
349,0
348,3
